4 QVector2D(1, 1) 1 QVector2D(2, 2) QVector2D(0, 0) 4
std::vector(0.5, 0, -0.1, 1, 0, 0, -0.1, 1, 0, 0.5, -0.1, 1, 0.5, 0, -0.1, 1, 0, 0.5, -0.1, 1, 0.5, 0.5, -0.1, 1, 1, 0, -0.1, 1, 0.5, 0, -0.1, 1, 0.5, 0.5, -0.1, 1, 1, 0, -0.1, 1, 0.5, 0.5, -0.1, 1, 1, 0.5, -0.1, 1, 0.5, 0.5, -0.1, 1, 0, 0.5, -0.1, 1, 0, 1, -0.1, 1, 0.5, 0.5, -0.1, 1, 0, 1, -0.1, 1, 0.5, 1, -0.1, 1, 1, 0.5, -0.1, 1, 0.5, 0.5, -0.1, 1, 0.5, 1, -0.1, 1, 1, 0.5, -0.1, 1, 0.5, 1, -0.1, 1, 1, 1, -0.1, 1)
std::vector(0.5, 0, 0, 1, 0, 0, 0, 1, 0, 0.5, 0, 1, 0.5, 0, 0, 1, 0, 0.5, 0, 1, 0.5, 0.5, 0, 1, 1, 0, 0, 1, 0.5, 0, 0, 1, 0.5, 0.5, 0, 1, 1, 0, 0, 1, 0.5, 0.5, 0, 1, 1, 0.5, 0, 1, 0.5, 0.5, 0, 1, 0, 0.5, 0, 1, 0, 1, 0, 1, 0.5, 0.5, 0, 1, 0, 1, 0, 1, 0.5, 1, 0, 1, 1, 0.5, 0, 1, 0.5, 0.5, 0, 1, 0.5, 1, 0, 1, 1, 0.5, 0, 1, 0.5, 1, 0, 1, 1, 1, 0, 1)
QMatrix4x4(type:Translation,Scale
         1         0         0         0
         0   1.11111         0-0.0555556
         0         0         1         0
         0         0         0         1
)
QMatrix4x4(type:Translation,Scale
         1         0         0         0
         0         4         0      -1.5
         0         0         1         0
         0         0         0         1
)