0.5, 0, -0.1, 1,
0, 0, -0.1, 1,
0, 0.370968, -0.1, 1,

0.5, 0, -0.1, 1,
0, 0.370968, -0.1, 1,
0.5, 0.370968, -0.1, 1,

1, 0, -0.1, 1,
0.5, 0, -0.1, 1,
0.5, 0.370968, -0.1, 1,

1, 0, -0.1, 1,
0.5, 0.370968, -0.1, 1,
1, 0.370968, -0.1, 1,

0.5, 0.370968, -0.1, 1,
0, 0.370968, -0.1, 1,
0, 0.741935, -0.1, 1,

0.5, 0.370968, -0.1, 1,
0, 0.741935, -0.1, 1,
0.5, 0.741935, -0.1, 1,

1, 0.370968, -0.1, 1,
0.5, 0.370968, -0.1, 1,
0.5, 0.741935, -0.1, 1,

1, 0.370968, -0.1, 1,
0.5, 0.741935, -0.1, 1,
1, 0.741935, -0.1, 1
-----------------------------------------------------------------------
0.638451, 0.0132575, -0.1, 1,
0.142644, 0.0204146, -0.1, 1,
0.124407, 0.511139, -0.1, 1,

0.638451, 0.0132575, -0.1, 1,
0.124407, 0.511139, -0.1, 1,
0.623706, 0.512806, -0.1, 1,

1.15391, 0.00720057, -0.1, 1,
0.638451, 0.0132575, -0.1, 1,
0.623706, 0.512806, -0.1, 1,

1.15391, 0.00720057, -0.1, 1,
0.623706, 0.512806, -0.1, 1, 
1.14673, 0.515963, -0.1, 1,

0.623706, 0.512806, -0.1, 1, 0.124407, 0.511139, -0.1, 1, 0.107505, 1.01798, -0.1, 1, 0.623706, 0.512806, -0.1, 1, 0.107505, 1.01798, -0.1, 1, 0.614525, 1.01854, -0.1, 1, 1.14673, 0.515963, -0.1, 1, 0.623706, 0.512806, -0.1, 1, 0.614525, 1.01854, -0.1, 1, 1.14673, 0.515963, -0.1, 1, 0.614525, 1.01854, -0.1, 1, 1.14394, 1.04116, -0.1, 1
